0;6.0827625303;5.8309518948;9.4339811321;13.0384048104;18.0277563773;17.88854382;
6.0827625303;0;6.7082039325;6.3245553203;15.6524758425;19.6468827044;17.1172427686;
5.8309518948;6.7082039325;0;5;8.94427191;13.152946438;12.0830459736;
9.4339811321;6.3245553203;5;0;12.0415945788;14.7648230602;11;
13.0384048104;15.6524758425;8.94427191;12.0415945788;0;5.3851648071;9.4868329805;
18.0277563773;19.6468827044;13.152946438;14.7648230602;5.3851648071;0;7.2801098893;
17.88854382;17.1172427686;12.0830459736;11;9.4868329805;7.2801098893;0;