OFF
10000 1 0
2.08167e-17 0 -1 -0.500001 0.866026 0 0.866026 0.500001 -2.08167e-17 
0 0 -1 0.500001 -0.866026 0 -0.866026 -0.500001 0 
0 0 -1 -1 0 0 0 1 0 
0 0 -1 1 0 0 0 -1 0 
0 0 -1 -0.500001 -0.866026 0 -0.866026 0.500001 0 
2.08167e-17 0 -1 0.500001 0.866026 0 0.866026 -0.500001 -2.08167e-17 
2.08167e-17 0 1 0.500001 0.866026 0 -0.866026 0.500001 -2.08167e-17 
0 0 1 -0.500001 -0.866026 0 0.866026 -0.500001 0 
0 0 1 1 0 0 0 1 0 
0 0 1 -1 0 0 0 -1 0 
0 0 1 0.500001 -0.866026 0 0.866026 0.500001 0 
2.08167e-17 0 1 -0.500001 0.866026 0 -0.866026 -0.500001 -2.08167e-17 
0.666668 -0.527046 -0.527046 0.192913 0.805022 -0.561003 0.719958 0.272329 0.638356 
0.666668 -0.527046 -0.527046 -0.192913 -0.805022 0.561003 -0.719958 -0.272329 -0.638356 
0.666666 -0.527046 -0.527046 -0.527046 0.166666 -0.833333 0.527046 0.833333 -0.166666 
0.666666 -0.527046 -0.527046 0.527046 -0.166666 0.833333 -0.527046 -0.833333 0.166666 
0.666668 -0.527046 -0.527046 -0.719958 -0.638356 -0.272329 -0.192913 0.561003 -0.805022 
0.666668 -0.527046 -0.527046 0.719958 0.638356 0.272329 0.192913 -0.561003 0.805022 
-0.666665 0.527046 0.527047 -0.192913 0.561004 -0.80502 -0.719958 -0.638354 -0.272328 
-0.666665 0.527046 0.527047 0.192913 -0.561004 0.80502 0.719958 0.638354 0.272328 
-0.666667 0.527046 0.527046 0.527046 0.833333 -0.166667 -0.527046 0.166667 -0.833333 
-0.666667 0.527046 0.527046 -0.527046 -0.833333 0.166667 0.527046 -0.166667 0.833333 
-0.666665 0.527047 0.527046 0.719958 0.272328 0.638354 0.192913 0.80502 -0.561004 
-0.666665 0.527047 0.527046 -0.719958 -0.272328 -0.638354 -0.192913 -0.80502 0.561004 
-0.666665 -0.527046 -0.527047 0.192913 0.561004 -0.80502 0.719958 -0.638354 -0.272328 
-0.666665 -0.527046 -0.527047 -0.192913 -0.561004 0.80502 -0.719958 0.638354 0.272328 
-0.666667 -0.527046 -0.527046 -0.527046 0.833333 -0.166667 0.527046 0.166667 -0.833333 
-0.666667 -0.527046 -0.527046 0.527046 -0.833333 0.166667 -0.527046 -0.166667 0.833333 
-0.666665 -0.527047 -0.527046 -0.719958 0.272328 0.638354 -0.192913 0.80502 -0.561004 
-0.666665 -0.527047 -0.527046 0.719958 -0.272328 -0.638354 0.192913 -0.80502 0.561004 
0.666668 0.527046 0.527046 -0.192913 0.805022 -0.561003 -0.719958 0.272329 0.638356 
0.666668 0.527046 0.527046 0.192913 -0.805022 0.561003 0.719958 -0.272329 -0.638356 
0.666666 0.527046 0.527046 0.527046 0.166666 -0.833333 -0.527046 0.833333 -0.166666 
0.666666 0.527046 0.527046 -0.527046 -0.166666 0.833333 0.527046 -0.833333 0.166666 
0.666668 0.527046 0.527046 0.719958 -0.638356 -0.272329 0.192913 0.561003 -0.805022 
0.666668 0.527046 0.527046 -0.719958 0.638356 0.272329 -0.192913 -0.561003 0.805022 
0 -1 0 0.866026 0 -0.500001 0.500001 0 0.866026 
2.08167e-17 -1 0 -0.866026 2.08167e-17 0.500001 -0.500001 0 -0.866026 
0 -1 0 0 0 -1 1 0 0 
0 -1 0 0 0 1 -1 0 0 
2.08167e-17 -1 0 -0.866026 2.08167e-17 -0.500001 0.500001 0 -0.866026 
0 -1 0 0.866026 0 0.500001 -0.500001 0 0.866026 
0 1 0 -0.866026 0 -0.500001 -0.500001 0 0.866026 
2.08167e-17 1 0 0.866026 2.08167e-17 0.500001 0.500001 0 -0.866026 
0 1 0 0 0 -1 -1 0 0 
0 1 0 0 0 1 1 0 0 
2.08167e-17 1 0 0.866026 2.08167e-17 -0.500001 -0.500001 0 -0.866026 
0 1 0 -0.866026 0 0.500001 0.500001 0 0.866026 
-0.666665 0.527047 -0.527046 -0.719958 -0.272328 0.638354 0.192913 0.80502 0.561004 
-0.666665 0.527047 -0.527046 0.719958 0.272328 -0.638354 -0.192913 -0.80502 -0.561004 
-0.666667 0.527046 -0.527046 -0.527046 -0.833333 -0.166667 -0.527046 0.166667 0.833333 
-0.666667 0.527046 -0.527046 0.527046 0.833333 0.166667 0.527046 -0.166667 -0.833333 
-0.666665 0.527046 -0.527047 0.192913 -0.561004 -0.80502 -0.719958 -0.638354 0.272328 
-0.666665 0.527046 -0.527047 -0.192913 0.561004 0.80502 0.719958 0.638354 -0.272328 
0.666668 -0.527046 0.527046 0.719958 0.638356 -0.272329 -0.192913 0.561003 0.805022 
0.666668 -0.527046 0.527046 -0.719958 -0.638356 0.272329 0.192913 -0.561003 -0.805022 
0.666666 -0.527046 0.527046 0.527046 -0.166666 -0.833333 0.527046 0.833333 0.166666 
0.666666 -0.527046 0.527046 -0.527046 0.166666 0.833333 -0.527046 -0.833333 -0.166666 
0.666668 -0.527046 0.527046 -0.192913 -0.805022 -0.561003 0.719958 0.272329 -0.638356 
0.666668 -0.527046 0.527046 0.192913 0.805022 0.561003 -0.719958 -0.272329 0.638356 
0.666668 0.527046 -0.527046 -0.719958 0.638356 -0.272329 0.192913 0.561003 0.805022 
0.666668 0.527046 -0.527046 0.719958 -0.638356 0.272329 -0.192913 -0.561003 -0.805022 
0.666666 0.527046 -0.527046 -0.527046 -0.166666 -0.833333 -0.527046 0.833333 0.166666 
0.666666 0.527046 -0.527046 0.527046 0.166666 0.833333 0.527046 -0.833333 -0.166666 
0.666668 0.527046 -0.527046 0.192913 -0.805022 -0.561003 -0.719958 0.272329 -0.638356 
0.666668 0.527046 -0.527046 -0.192913 0.805022 0.561003 0.719958 -0.272329 0.638356 
-0.666665 -0.527047 0.527046 0.719958 -0.272328 0.638354 -0.192913 0.80502 0.561004 
-0.666665 -0.527047 0.527046 -0.719958 0.272328 -0.638354 0.192913 -0.80502 -0.561004 
-0.666667 -0.527046 0.527046 0.527046 -0.833333 -0.166667 0.527046 0.166667 0.833333 
-0.666667 -0.527046 0.527046 -0.527046 0.833333 0.166667 -0.527046 -0.166667 -0.833333 
-0.666665 -0.527046 0.527047 -0.192913 -0.561004 -0.80502 0.719958 -0.638354 0.272328 
-0.666665 -0.527046 0.527047 0.192913 0.561004 0.80502 -0.719958 0.638354 -0.272328 
0.333333 1.04777e-07 -0.942809 -0.244017 0.965925 -0.0862727 0.910683 0.258819 0.321975 
0.333333 1.04777e-07 -0.942809 0.244017 -0.965925 0.0862727 -0.910683 -0.258819 -0.321975 
0.333333 -2.30212e-07 -0.94281 -0.910685 0.258818 -0.321975 0.244016 0.965927 0.0862724 
0.333333 -2.30212e-07 -0.94281 0.910685 -0.258818 0.321975 -0.244016 -0.965927 -0.0862724 
0.333333 1.03374e-06 -0.942808 -0.666666 -0.707106 -0.235703 -0.666666 0.707106 -0.235701 
0.333333 1.03374e-06 -0.942808 0.666666 0.707106 0.235703 0.666666 -0.707106 0.235701 
-0.333333 1.04777e-07 0.942809 0.244017 0.965925 0.0862727 -0.910683 0.258819 -0.321975 
-0.333333 1.04777e-07 0.942809 -0.244017 -0.965925 -0.0862727 0.910683 -0.258819 0.321975 
-0.333333 -2.30212e-07 0.94281 0.910685 0.258818 0.321975 -0.244016 0.965927 -0.0862724 
-0.333333 -2.30212e-07 0.94281 -0.910685 -0.258818 -0.321975 0.244016 -0.965927 0.0862724 
-0.333333 1.03374e-06 0.942808 0.666666 -0.707106 0.235703 0.666666 0.707106 0.235701 
-0.333333 1.03374e-06 0.942808 -0.666666 0.707106 -0.235703 -0.666666 -0.707106 -0.235701 
0.916667 -0.282597 -0.282598 0.199826 0.936463 -0.288282 0.34611 0.207788 0.914895 
0.916667 -0.282597 -0.282598 -0.199826 -0.936463 0.288282 -0.34611 -0.207788 -0.914895 
0.916666 -0.282597 -0.282597 -0.199827 0.288281 -0.936463 0.346109 0.914895 0.207787 
0.916666 -0.282597 -0.282597 0.199827 -0.288281 0.936463 -0.346109 -0.914895 -0.207787 
0.916666 -0.282597 -0.282597 -0.399652 -0.648181 -0.648181 -1.16526e-08 0.707106 -0.707106 
0.916666 -0.282597 -0.282597 0.399652 0.648181 0.648181 1.16526e-08 -0.707106 0.707106 
-0.333333 0.666667 0.666666 -0.471405 0.494521 -0.730224 -0.816496 -0.557678 0.14943 
-0.333333 0.666667 0.666666 0.471405 -0.494521 0.730224 0.816496 0.557678 -0.14943 
-0.333332 0.666667 0.666667 0.471405 0.730223 -0.494521 -0.816497 0.14943 -0.557677 
-0.333332 0.666667 0.666667 -0.471405 -0.730223 0.494521 0.816497 -0.14943 0.557677 
-0.333333 0.666666 0.666666 0.942808 0.235701 0.235703 1.03374e-06 0.707106 -0.707106 
-0.333333 0.666666 0.666666 -0.942808 -0.235701 -0.235703 -1.03374e-06 -0.707106 0.707106 
-0.333333 -0.666667 -0.666666 0.471405 0.494521 -0.730224 0.816496 -0.557678 0.14943 
-0.333333 -0.666667 -0.666666 -0.471405 -0.494521 0.730224 -0.816496 0.557678 -0.14943 
-0.333332 -0.666667 -0.666667 -0.471405 0.730223 -0.494521 0.816497 0.14943 -0.557677 
-0.333332 -0.666667 -0.666667 0.471405 -0.730223 0.494521 -0.816497 -0.14943 0.557677 
-0.333333 -0.666666 -0.666666 -0.942808 0.235701 0.235703 -1.03374e-06 0.707106 -0.707106 
-0.333333 -0.666666 -0.666666 0.942808 -0.235701 -0.235703 1.03374e-06 -0.707106 0.707106 
0.916667 0.282597 0.282598 -0.199826 0.936463 -0.288282 -0.34611 0.207788 0.914895 
0.916667 0.282597 0.282598 0.199826 -0.936463 0.288282 0.34611 -0.207788 -0.914895 
0.916666 0.282597 0.282597 0.199827 0.288281 -0.936463 -0.346109 0.914895 0.207787 
0.916666 0.282597 0.282597 -0.199827 -0.288281 0.936463 0.346109 -0.914895 -0.207787 
0.916666 0.282597 0.282597 0.399652 -0.648181 -0.648181 1.16526e-08 0.707106 -0.707106 
0.916666 0.282597 0.282597 -0.399652 0.648181 0.648181 -1.16526e-08 -0.707106 0.707106 
-0.333333 -0.942809 1.04777e-07 0.910683 -0.321975 -0.258819 0.244017 -0.0862727 0.965925 
-0.333333 -0.942809 1.04777e-07 -0.910683 0.321975 0.258819 -0.244017 0.0862727 -0.965925 
-0.333333 -0.94281 -2.30212e-07 0.244016 -0.0862724 -0.965927 0.910685 -0.321975 0.258818 
-0.333333 -0.94281 -2.30212e-07 -0.244016 0.0862724 0.965927 -0.910685 0.321975 -0.258818 
-0.333333 -0.942808 1.03374e-06 -0.666666 0.235701 -0.707106 0.666666 -0.235703 -0.707106 
-0.333333 -0.942808 1.03374e-06 0.666666 -0.235701 0.707106 -0.666666 0.235703 0.707106 
0.333333 0.942809 1.04777e-07 -0.910683 0.321975 -0.258819 -0.244017 0.0862727 0.965925 
0.333333 0.942809 1.04777e-07 0.910683 -0.321975 0.258819 0.244017 -0.0862727 -0.965925 
0.333333 0.94281 -2.30212e-07 -0.244016 0.0862724 -0.965927 -0.910685 0.321975 0.258818 
0.333333 0.94281 -2.30212e-07 0.244016 -0.0862724 0.965927 0.910685 -0.321975 -0.258818 
0.333333 0.942808 1.03374e-06 0.666666 -0.235701 -0.707106 -0.666666 0.235703 -0.707106 
0.333333 0.942808 1.03374e-06 -0.666666 0.235701 0.707106 0.666666 -0.235703 0.707106 
-0.916666 0.282597 -0.282597 -0.346109 -0.207787 0.914895 0.199827 0.936463 0.288281 
-0.916666 0.282597 -0.282597 0.346109 0.207787 -0.914895 -0.199827 -0.936463 -0.288281 
-0.916667 0.282598 -0.282597 -0.34611 -0.914895 0.207788 -0.199826 0.288282 0.936463 
-0.916667 0.282598 -0.282597 0.34611 0.914895 -0.207788 0.199826 -0.288282 -0.936463 
-0.916666 0.282597 -0.282597 -1.16526e-08 -0.707106 -0.707106 -0.399652 -0.648181 0.648181 
-0.916666 0.282597 -0.282597 1.16526e-08 0.707106 0.707106 0.399652 0.648181 -0.648181 
0.333332 -0.666667 0.666667 0.816497 0.557677 0.14943 -0.471405 0.494521 0.730223 
0.333332 -0.666667 0.666667 -0.816497 -0.557677 -0.14943 0.471405 -0.494521 -0.730223 
0.333333 -0.666666 0.666667 0.816496 -0.14943 -0.557678 0.471405 0.730224 0.494521 
0.333333 -0.666666 0.666667 -0.816496 0.14943 0.557678 -0.471405 -0.730224 -0.494521 
0.333333 -0.666666 0.666666 1.03374e-06 -0.707106 -0.707106 0.942808 0.235703 -0.235701 
0.333333 -0.666666 0.666666 -1.03374e-06 0.707106 0.707106 -0.942808 -0.235703 0.235701 
0.333332 0.666667 -0.666667 -0.816497 0.557677 0.14943 0.471405 0.494521 0.730223 
0.333332 0.666667 -0.666667 0.816497 -0.557677 -0.14943 -0.471405 -0.494521 -0.730223 
0.333333 0.666666 -0.666667 -0.816496 -0.14943 -0.557678 -0.471405 0.730224 0.494521 
0.333333 0.666666 -0.666667 0.816496 0.14943 0.557678 0.471405 -0.730224 -0.494521 
0.333333 0.666666 -0.666666 -1.03374e-06 -0.707106 -0.707106 -0.942808 0.235703 -0.235701 
0.333333 0.666666 -0.666666 1.03374e-06 0.707106 0.707106 0.942808 -0.235703 0.235701 
-0.916666 -0.282597 0.282597 0.346109 -0.207787 0.914895 -0.199827 0.936463 0.288281 
-0.916666 -0.282597 0.282597 -0.346109 0.207787 -0.914895 0.199827 -0.936463 -0.288281 
-0.916667 -0.282598 0.282597 0.34611 -0.914895 0.207788 0.199826 0.288282 0.936463 
-0.916667 -0.282598 0.282597 -0.34611 0.914895 -0.207788 -0.199826 -0.288282 -0.936463 
-0.916666 -0.282597 0.282597 1.16526e-08 -0.707106 -0.707106 0.399652 -0.648181 0.648181 
-0.916666 -0.282597 0.282597 -1.16526e-08 0.707106 0.707106 -0.399652 0.648181 -0.648181 
-0.333333 1.03374e-06 -0.942808 -0.666666 0.707106 0.235703 0.666666 0.707106 -0.235701 
-0.333333 1.03374e-06 -0.942808 0.666666 -0.707106 -0.235703 -0.666666 -0.707106 0.235701 
-0.333333 -2.30212e-07 -0.94281 -0.910685 -0.258818 0.321975 -0.244016 0.965927 0.0862724 
-0.333333 -2.30212e-07 -0.94281 0.910685 0.258818 -0.321975 0.244016 -0.965927 -0.0862724 
-0.333333 1.04777e-07 -0.942809 -0.244017 -0.965925 0.0862727 -0.910683 0.258819 0.321975 
-0.333333 1.04777e-07 -0.942809 0.244017 0.965925 -0.0862727 0.910683 -0.258819 -0.321975 
0.333333 1.03374e-06 0.942808 0.666666 0.707106 -0.235703 -0.666666 0.707106 0.235701 
0.333333 1.03374e-06 0.942808 -0.666666 -0.707106 0.235703 0.666666 -0.707106 -0.235701 
0.333333 -2.30212e-07 0.94281 0.910685 -0.258818 -0.321975 0.244016 0.965927 -0.0862724 
0.333333 -2.30212e-07 0.94281 -0.910685 0.258818 0.321975 -0.244016 -0.965927 0.0862724 
0.333333 1.04777e-07 0.942809 0.244017 -0.965925 -0.0862727 0.910683 0.258819 -0.321975 
0.333333 1.04777e-07 0.942809 -0.244017 0.965925 0.0862727 -0.910683 -0.258819 0.321975 
0.333333 -0.666666 -0.666666 -1.03374e-06 0.707106 -0.707106 0.942808 0.235703 0.235701 
0.333333 -0.666666 -0.666666 1.03374e-06 -0.707106 0.707106 -0.942808 -0.235703 -0.235701 
0.333333 -0.666666 -0.666667 -0.816496 0.14943 -0.557678 0.471405 0.730224 -0.494521 
0.333333 -0.666666 -0.666667 0.816496 -0.14943 0.557678 -0.471405 -0.730224 0.494521 
0.333332 -0.666667 -0.666667 -0.816497 -0.557677 0.14943 -0.471405 0.494521 -0.730223 
0.333332 -0.666667 -0.666667 0.816497 0.557677 -0.14943 0.471405 -0.494521 0.730223 
-0.916666 0.282597 0.282597 1.16526e-08 0.707106 -0.707106 -0.399652 -0.648181 -0.648181 
-0.916666 0.282597 0.282597 -1.16526e-08 -0.707106 0.707106 0.399652 0.648181 0.648181 
-0.916667 0.282598 0.282597 0.34611 0.914895 0.207788 -0.199826 0.288282 -0.936463 
-0.916667 0.282598 0.282597 -0.34611 -0.914895 -0.207788 0.199826 -0.288282 0.936463 
-0.916666 0.282597 0.282597 0.346109 0.207787 0.914895 0.199827 0.936463 -0.288281 
-0.916666 0.282597 0.282597 -0.346109 -0.207787 -0.914895 -0.199827 -0.936463 0.288281 
-0.916666 -0.282597 -0.282597 -1.16526e-08 0.707106 -0.707106 0.399652 -0.648181 -0.648181 
-0.916666 -0.282597 -0.282597 1.16526e-08 -0.707106 0.707106 -0.399652 0.648181 0.648181 
-0.916667 -0.282598 -0.282597 -0.34611 0.914895 0.207788 0.199826 0.288282 -0.936463 
-0.916667 -0.282598 -0.282597 0.34611 -0.914895 -0.207788 -0.199826 -0.288282 0.936463 
-0.916666 -0.282597 -0.282597 -0.346109 0.207787 0.914895 -0.199827 0.936463 -0.288281 
-0.916666 -0.282597 -0.282597 0.346109 -0.207787 -0.914895 0.199827 -0.936463 0.288281 
0.333333 0.666666 0.666666 1.03374e-06 0.707106 -0.707106 -0.942808 0.235703 0.235701 
0.333333 0.666666 0.666666 -1.03374e-06 -0.707106 0.707106 0.942808 -0.235703 -0.235701 
0.333333 0.666666 0.666667 0.816496 0.14943 -0.557678 -0.471405 0.730224 -0.494521 
0.333333 0.666666 0.666667 -0.816496 -0.14943 0.557678 0.471405 -0.730224 0.494521 
0.333332 0.666667 0.666667 0.816497 -0.557677 0.14943 0.471405 0.494521 -0.730223 
0.333332 0.666667 0.666667 -0.816497 0.557677 -0.14943 -0.471405 -0.494521 0.730223 
0.333333 -0.942808 1.03374e-06 0.666666 0.235701 -0.707106 0.666666 0.235703 0.707106 
0.333333 -0.942808 1.03374e-06 -0.666666 -0.235701 0.707106 -0.666666 -0.235703 -0.707106 
0.333333 -0.94281 -2.30212e-07 -0.244016 -0.0862724 -0.965927 0.910685 0.321975 -0.258818 
0.333333 -0.94281 -2.30212e-07 0.244016 0.0862724 0.965927 -0.910685 -0.321975 0.258818 
0.333333 -0.942809 1.04777e-07 -0.910683 -0.321975 -0.258819 0.244017 0.0862727 -0.965925 
0.333333 -0.942809 1.04777e-07 0.910683 0.321975 0.258819 -0.244017 -0.0862727 0.965925 
-0.333333 0.942808 1.03374e-06 -0.666666 -0.235701 -0.707106 -0.666666 -0.235703 0.707106 
-0.333333 0.942808 1.03374e-06 0.666666 0.235701 0.707106 0.666666 0.235703 -0.707106 
-0.333333 0.94281 -2.30212e-07 0.244016 0.0862724 -0.965927 -0.910685 -0.321975 -0.258818 
-0.333333 0.94281 -2.30212e-07 -0.244016 -0.0862724 0.965927 0.910685 0.321975 0.258818 
-0.333333 0.942809 1.04777e-07 0.910683 0.321975 -0.258819 -0.244017 -0.0862727 -0.965925 
-0.333333 0.942809 1.04777e-07 -0.910683 -0.321975 0.258819 0.244017 0.0862727 0.965925 
-0.333333 0.666666 -0.666666 -0.942808 -0.235701 0.235703 1.03374e-06 0.707106 0.707106 
-0.333333 0.666666 -0.666666 0.942808 0.235701 -0.235703 -1.03374e-06 -0.707106 -0.707106 
-0.333332 0.666667 -0.666667 -0.471405 -0.730223 -0.494521 -0.816497 0.14943 0.557677 
-0.333332 0.666667 -0.666667 0.471405 0.730223 0.494521 0.816497 -0.14943 -0.557677 
-0.333333 0.666667 -0.666666 0.471405 -0.494521 -0.730224 -0.816496 -0.557678 -0.14943 
-0.333333 0.666667 -0.666666 -0.471405 0.494521 0.730224 0.816496 0.557678 0.14943 
0.916666 -0.282597 0.282597 0.399652 0.648181 -0.648181 -1.16526e-08 0.707106 0.707106 
0.916666 -0.282597 0.282597 -0.399652 -0.648181 0.648181 1.16526e-08 -0.707106 -0.707106 
0.916666 -0.282597 0.282597 0.199827 -0.288281 -0.936463 0.346109 0.914895 -0.207787 
0.916666 -0.282597 0.282597 -0.199827 0.288281 0.936463 -0.346109 -0.914895 0.207787 
0.916667 -0.282597 0.282598 -0.199826 -0.936463 -0.288282 0.34611 0.207788 -0.914895 
0.916667 -0.282597 0.282598 0.199826 0.936463 0.288282 -0.34611 -0.207788 0.914895 
0.916666 0.282597 -0.282597 -0.399652 0.648181 -0.648181 1.16526e-08 0.707106 0.707106 
0.916666 0.282597 -0.282597 0.399652 -0.648181 0.648181 -1.16526e-08 -0.707106 -0.707106 
0.916666 0.282597 -0.282597 -0.199827 -0.288281 -0.936463 -0.346109 0.914895 -0.207787 
0.916666 0.282597 -0.282597 0.199827 0.288281 0.936463 0.346109 -0.914895 0.207787 
0.916667 0.282597 -0.282598 0.199826 -0.936463 -0.288282 -0.34611 0.207788 -0.914895 
0.916667 0.282597 -0.282598 -0.199826 0.936463 0.288282 0.34611 -0.207788 0.914895 
-0.333333 -0.666666 0.666666 0.942808 -0.235701 0.235703 -1.03374e-06 0.707106 0.707106 
-0.333333 -0.666666 0.666666 -0.942808 0.235701 -0.235703 1.03374e-06 -0.707106 -0.707106 
-0.333332 -0.666667 0.666667 0.471405 -0.730223 -0.494521 0.816497 0.14943 0.557677 
-0.333332 -0.666667 0.666667 -0.471405 0.730223 0.494521 -0.816497 -0.14943 -0.557677 
-0.333333 -0.666667 0.666666 -0.471405 -0.494521 -0.730224 0.816496 -0.557678 -0.14943 
-0.333333 -0.666667 0.666666 0.471405 0.494521 0.730224 -0.816496 0.557678 0.14943 
0.333333 -1.03374e-06 -0.942808 -0.666666 0.707106 -0.235703 0.666666 0.707106 0.235701 
0.333333 -1.03374e-06 -0.942808 0.666666 -0.707106 0.235703 -0.666666 -0.707106 -0.235701 
0.333333 2.30212e-07 -0.94281 -0.910685 -0.258818 -0.321975 -0.244016 0.965927 -0.0862724 
0.333333 2.30212e-07 -0.94281 0.910685 0.258818 0.321975 0.244016 -0.965927 0.0862724 
0.333333 -1.04777e-07 -0.942809 -0.244017 -0.965925 -0.0862727 -0.910683 0.258819 -0.321975 
0.333333 -1.04777e-07 -0.942809 0.244017 0.965925 0.0862727 0.910683 -0.258819 0.321975 
-0.333333 -1.03374e-06 0.942808 0.666666 0.707106 0.235703 -0.666666 0.707106 -0.235701 
-0.333333 -1.03374e-06 0.942808 -0.666666 -0.707106 -0.235703 0.666666 -0.707106 0.235701 
-0.333333 2.30212e-07 0.94281 0.910685 -0.258818 0.321975 0.244016 0.965927 0.0862724 
-0.333333 2.30212e-07 0.94281 -0.910685 0.258818 -0.321975 -0.244016 -0.965927 -0.0862724 
-0.333333 -1.04777e-07 0.942809 0.244017 -0.965925 0.0862727 0.910683 0.258819 0.321975 
-0.333333 -1.04777e-07 0.942809 -0.244017 0.965925 -0.0862727 -0.910683 -0.258819 -0.321975 
0.916666 -0.282597 -0.282597 1.16526e-08 0.707106 -0.707106 0.399652 0.648181 0.648181 
0.916666 -0.282597 -0.282597 -1.16526e-08 -0.707106 0.707106 -0.399652 -0.648181 -0.648181 
0.916666 -0.282597 -0.282597 -0.346109 -0.207787 -0.914895 0.199827 0.936463 -0.288281 
0.916666 -0.282597 -0.282597 0.346109 0.207787 0.914895 -0.199827 -0.936463 0.288281 
0.916667 -0.282598 -0.282597 -0.34611 -0.914895 -0.207788 -0.199826 0.288282 -0.936463 
0.916667 -0.282598 -0.282597 0.34611 0.914895 0.207788 0.199826 -0.288282 0.936463 
-0.333333 0.666666 0.666666 -1.03374e-06 0.707106 -0.707106 -0.942808 -0.235703 -0.235701 
-0.333333 0.666666 0.666666 1.03374e-06 -0.707106 0.707106 0.942808 0.235703 0.235701 
-0.333332 0.666667 0.666667 0.816497 0.557677 -0.14943 -0.471405 0.494521 -0.730223 
-0.333332 0.666667 0.666667 -0.816497 -0.557677 0.14943 0.471405 -0.494521 0.730223 
-0.333333 0.666666 0.666667 0.816496 -0.14943 0.557678 0.471405 0.730224 -0.494521 
-0.333333 0.666666 0.666667 -0.816496 0.14943 -0.557678 -0.471405 -0.730224 0.494521 
-0.333333 -0.666666 -0.666666 1.03374e-06 0.707106 -0.707106 0.942808 -0.235703 -0.235701 
-0.333333 -0.666666 -0.666666 -1.03374e-06 -0.707106 0.707106 -0.942808 0.235703 0.235701 
-0.333332 -0.666667 -0.666667 -0.816497 0.557677 -0.14943 0.471405 0.494521 -0.730223 
-0.333332 -0.666667 -0.666667 0.816497 -0.557677 0.14943 -0.471405 -0.494521 0.730223 
-0.333333 -0.666666 -0.666667 -0.816496 -0.14943 0.557678 -0.471405 0.730224 -0.494521 
-0.333333 -0.666666 -0.666667 0.816496 0.14943 -0.557678 0.471405 -0.730224 0.494521 
0.916666 0.282597 0.282597 -1.16526e-08 0.707106 -0.707106 -0.399652 0.648181 0.648181 
0.916666 0.282597 0.282597 1.16526e-08 -0.707106 0.707106 0.399652 -0.648181 -0.648181 
0.916666 0.282597 0.282597 0.346109 -0.207787 -0.914895 -0.199827 0.936463 -0.288281 
0.916666 0.282597 0.282597 -0.346109 0.207787 0.914895 0.199827 -0.936463 0.288281 
0.916667 0.282598 0.282597 0.34611 -0.914895 -0.207788 0.199826 0.288282 -0.936463 
0.916667 0.282598 0.282597 -0.34611 0.914895 0.207788 -0.199826 -0.288282 0.936463 
-0.333333 -0.942808 -1.03374e-06 0.666666 -0.235701 -0.707106 0.666666 -0.235703 0.707106 
-0.333333 -0.942808 -1.03374e-06 -0.666666 0.235701 0.707106 -0.666666 0.235703 -0.707106 
-0.333333 -0.94281 2.30212e-07 -0.244016 0.0862724 -0.965927 0.910685 -0.321975 -0.258818 
-0.333333 -0.94281 2.30212e-07 0.244016 -0.0862724 0.965927 -0.910685 0.321975 0.258818 
-0.333333 -0.942809 -1.04777e-07 -0.910683 0.321975 -0.258819 0.244017 -0.0862727 -0.965925 
-0.333333 -0.942809 -1.04777e-07 0.910683 -0.321975 0.258819 -0.244017 0.0862727 0.965925 
0.333333 0.942808 -1.03374e-06 -0.666666 0.235701 -0.707106 -0.666666 0.235703 0.707106 
0.333333 0.942808 -1.03374e-06 0.666666 -0.235701 0.707106 0.666666 -0.235703 -0.707106 
0.333333 0.94281 2.30212e-07 0.244016 -0.0862724 -0.965927 -0.910685 0.321975 -0.258818 
0.333333 0.94281 2.30212e-07 -0.244016 0.0862724 0.965927 0.910685 -0.321975 0.258818 
0.333333 0.942809 -1.04777e-07 0.910683 -0.321975 -0.258819 -0.244017 0.0862727 -0.965925 
0.333333 0.942809 -1.04777e-07 -0.910683 0.321975 0.258819 0.244017 -0.0862727 0.965925 
-0.916666 0.282597 -0.282597 -0.399652 -0.648181 0.648181 -1.16526e-08 0.707106 0.707106 
-0.916666 0.282597 -0.282597 0.399652 0.648181 -0.648181 1.16526e-08 -0.707106 -0.707106 
-0.916667 0.282597 -0.282598 -0.199826 -0.936463 -0.288282 -0.34611 -0.207788 0.914895 
-0.916667 0.282597 -0.282598 0.199826 0.936463 0.288282 0.34611 0.207788 -0.914895 
-0.916666 0.282597 -0.282597 0.199827 -0.288281 -0.936463 -0.346109 -0.914895 0.207787 
-0.916666 0.282597 -0.282597 -0.199827 0.288281 0.936463 0.346109 0.914895 -0.207787 
0.333333 -0.666666 0.666666 0.942808 0.235701 -0.235703 1.03374e-06 0.707106 0.707106 
0.333333 -0.666666 0.666666 -0.942808 -0.235701 0.235703 -1.03374e-06 -0.707106 -0.707106 
0.333333 -0.666667 0.666666 0.471405 -0.494521 -0.730224 0.816496 0.557678 0.14943 
0.333333 -0.666667 0.666666 -0.471405 0.494521 0.730224 -0.816496 -0.557678 -0.14943 
0.333332 -0.666667 0.666667 -0.471405 -0.730223 -0.494521 0.816497 -0.14943 -0.557677 
0.333332 -0.666667 0.666667 0.471405 0.730223 0.494521 -0.816497 0.14943 0.557677 
0.333333 0.666666 -0.666666 -0.942808 0.235701 -0.235703 -1.03374e-06 0.707106 0.707106 
0.333333 0.666666 -0.666666 0.942808 -0.235701 0.235703 1.03374e-06 -0.707106 -0.707106 
0.333333 0.666667 -0.666666 -0.471405 -0.494521 -0.730224 -0.816496 0.557678 0.14943 
0.333333 0.666667 -0.666666 0.471405 0.494521 0.730224 0.816496 -0.557678 -0.14943 
0.333332 0.666667 -0.666667 0.471405 -0.730223 -0.494521 -0.816497 -0.14943 -0.557677 
0.333332 0.666667 -0.666667 -0.471405 0.730223 0.494521 0.816497 0.14943 0.557677 
-0.916666 -0.282597 0.282597 0.399652 -0.648181 0.648181 1.16526e-08 0.707106 0.707106 
-0.916666 -0.282597 0.282597 -0.399652 0.648181 -0.648181 -1.16526e-08 -0.707106 -0.707106 
-0.916667 -0.282597 0.282598 0.199826 -0.936463 -0.288282 0.34611 -0.207788 0.914895 
-0.916667 -0.282597 0.282598 -0.199826 0.936463 0.288282 -0.34611 0.207788 -0.914895 
-0.916666 -0.282597 0.282597 -0.199827 -0.288281 -0.936463 0.346109 -0.914895 0.207787 
-0.916666 -0.282597 0.282597 0.199827 0.288281 0.936463 -0.346109 0.914895 -0.207787 
-0.333333 -1.04777e-07 -0.942809 -0.244017 0.965925 0.0862727 0.910683 0.258819 -0.321975 
-0.333333 -1.04777e-07 -0.942809 0.244017 -0.965925 -0.0862727 -0.910683 -0.258819 0.321975 
-0.333333 2.30212e-07 -0.94281 -0.910685 0.258818 0.321975 0.244016 0.965927 -0.0862724 
-0.333333 2.30212e-07 -0.94281 0.910685 -0.258818 -0.321975 -0.244016 -0.965927 0.0862724 
-0.333333 -1.03374e-06 -0.942808 -0.666666 -0.707106 0.235703 -0.666666 0.707106 0.235701 
-0.333333 -1.03374e-06 -0.942808 0.666666 0.707106 -0.235703 0.666666 -0.707106 -0.235701 
0.333333 -1.04777e-07 0.942809 0.244017 0.965925 -0.0862727 -0.910683 0.258819 0.321975 
0.333333 -1.04777e-07 0.942809 -0.244017 -0.965925 0.0862727 0.910683 -0.258819 -0.321975 
0.333333 2.30212e-07 0.94281 0.910685 0.258818 -0.321975 -0.244016 0.965927 0.0862724 
0.333333 2.30212e-07 0.94281 -0.910685 -0.258818 0.321975 0.244016 -0.965927 -0.0862724 
0.333333 -1.03374e-06 0.942808 0.666666 -0.707106 -0.235703 0.666666 0.707106 -0.235701 
0.333333 -1.03374e-06 0.942808 -0.666666 0.707106 0.235703 -0.666666 -0.707106 0.235701 
0.333332 -0.666667 -0.666667 0.471405 0.730223 -0.494521 0.816497 -0.14943 0.557677 
0.333332 -0.666667 -0.666667 -0.471405 -0.730223 0.494521 -0.816497 0.14943 -0.557677 
0.333333 -0.666667 -0.666666 -0.471405 0.494521 -0.730224 0.816496 0.557678 -0.14943 
0.333333 -0.666667 -0.666666 0.471405 -0.494521 0.730224 -0.816496 -0.557678 0.14943 
0.333333 -0.666666 -0.666666 -0.942808 -0.235701 -0.235703 1.03374e-06 0.707106 -0.707106 
0.333333 -0.666666 -0.666666 0.942808 0.235701 0.235703 -1.03374e-06 -0.707106 0.707106 
-0.916666 0.282597 0.282597 -0.199827 0.288281 -0.936463 -0.346109 -0.914895 -0.207787 
-0.916666 0.282597 0.282597 0.199827 -0.288281 0.936463 0.346109 0.914895 0.207787 
-0.916667 0.282597 0.282598 0.199826 0.936463 -0.288282 -0.34611 -0.207788 -0.914895 
-0.916667 0.282597 0.282598 -0.199826 -0.936463 0.288282 0.34611 0.207788 0.914895 
-0.916666 0.282597 0.282597 0.399652 0.648181 0.648181 -1.16526e-08 0.707106 -0.707106 
-0.916666 0.282597 0.282597 -0.399652 -0.648181 -0.648181 1.16526e-08 -0.707106 0.707106 
-0.916666 -0.282597 -0.282597 0.199827 0.288281 -0.936463 0.346109 -0.914895 -0.207787 
-0.916666 -0.282597 -0.282597 -0.199827 -0.288281 0.936463 -0.346109 0.914895 0.207787 
-0.916667 -0.282597 -0.282598 -0.199826 0.936463 -0.288282 0.34611 -0.207788 -0.914895 
-0.916667 -0.282597 -0.282598 0.199826 -0.936463 0.288282 -0.34611 0.207788 0.914895 
-0.916666 -0.282597 -0.282597 -0.399652 0.648181 0.648181 1.16526e-08 0.707106 -0.707106 
-0.916666 -0.282597 -0.282597 0.399652 -0.648181 -0.648181 -1.16526e-08 -0.707106 0.707106 
0.333332 0.666667 0.666667 -0.471405 0.730223 -0.494521 -0.816497 -0.14943 0.557677 
0.333332 0.666667 0.666667 0.471405 -0.730223 0.494521 0.816497 0.14943 -0.557677 
0.333333 0.666667 0.666666 0.471405 0.494521 -0.730224 -0.816496 0.557678 -0.14943 
0.333333 0.666667 0.666666 -0.471405 -0.494521 0.730224 0.816496 -0.557678 0.14943 
0.333333 0.666666 0.666666 0.942808 -0.235701 -0.235703 -1.03374e-06 0.707106 -0.707106 
0.333333 0.666666 0.666666 -0.942808 0.235701 0.235703 1.03374e-06 -0.707106 0.707106 
0.333333 -0.942809 -1.04777e-07 0.910683 0.321975 -0.258819 0.244017 0.0862727 0.965925 
0.333333 -0.942809 -1.04777e-07 -0.910683 -0.321975 0.258819 -0.244017 -0.0862727 -0.965925 
0.333333 -0.94281 2.30212e-07 0.244016 0.0862724 -0.965927 0.910685 0.321975 0.258818 
0.333333 -0.94281 2.30212e-07 -0.244016 -0.0862724 0.965927 -0.910685 -0.321975 -0.258818 
0.333333 -0.942808 -1.03374e-06 -0.666666 -0.235701 -0.707106 0.666666 0.235703 -0.707106 
0.333333 -0.942808 -1.03374e-06 0.666666 0.235701 0.707106 -0.666666 -0.235703 0.707106 
-0.333333 0.942809 -1.04777e-07 -0.910683 -0.321975 -0.258819 -0.244017 -0.0862727 0.965925 
-0.333333 0.942809 -1.04777e-07 0.910683 0.321975 0.258819 0.244017 0.0862727 -0.965925 
-0.333333 0.94281 2.30212e-07 -0.244016 -0.0862724 -0.965927 -0.910685 -0.321975 0.258818 
-0.333333 0.94281 2.30212e-07 0.244016 0.0862724 0.965927 0.910685 0.321975 -0.258818 
-0.333333 0.942808 -1.03374e-06 0.666666 0.235701 -0.707106 -0.666666 -0.235703 -0.707106 
-0.333333 0.942808 -1.03374e-06 -0.666666 -0.235701 0.707106 0.666666 0.235703 0.707106 
-0.333333 0.666666 -0.666667 -0.816496 0.14943 0.557678 0.471405 0.730224 0.494521 
-0.333333 0.666666 -0.666667 0.816496 -0.14943 -0.557678 -0.471405 -0.730224 -0.494521 
-0.333332 0.666667 -0.666667 -0.816497 -0.557677 -0.14943 -0.471405 0.494521 0.730223 
-0.333332 0.666667 -0.666667 0.816497 0.557677 0.14943 0.471405 -0.494521 -0.730223 
-0.333333 0.666666 -0.666666 1.03374e-06 -0.707106 -0.707106 -0.942808 -0.235703 0.235701 
-0.333333 0.666666 -0.666666 -1.03374e-06 0.707106 0.707106 0.942808 0.235703 -0.235701 
0.916667 -0.282598 0.282597 0.34611 0.914895 -0.207788 -0.199826 0.288282 0.936463 
0.916667 -0.282598 0.282597 -0.34611 -0.914895 0.207788 0.199826 -0.288282 -0.936463 
0.916666 -0.282597 0.282597 0.346109 0.207787 -0.914895 0.199827 0.936463 0.288281 
0.916666 -0.282597 0.282597 -0.346109 -0.207787 0.914895 -0.199827 -0.936463 -0.288281 
0.916666 -0.282597 0.282597 -1.16526e-08 -0.707106 -0.707106 0.399652 0.648181 -0.648181 
0.916666 -0.282597 0.282597 1.16526e-08 0.707106 0.707106 -0.399652 -0.648181 0.648181 
0.916667 0.282598 -0.282597 -0.34611 0.914895 -0.207788 0.199826 0.288282 0.936463 
0.916667 0.282598 -0.282597 0.34611 -0.914895 0.207788 -0.199826 -0.288282 -0.936463 
0.916666 0.282597 -0.282597 -0.346109 0.207787 -0.914895 -0.199827 0.936463 0.288281 
0.916666 0.282597 -0.282597 0.346109 -0.207787 0.914895 0.199827 -0.936463 -0.288281 
0.916666 0.282597 -0.282597 1.16526e-08 -0.707106 -0.707106 -0.399652 0.648181 -0.648181 
0.916666 0.282597 -0.282597 -1.16526e-08 0.707106 0.707106 0.399652 -0.648181 0.648181 
-0.333333 -0.666666 0.666667 0.816496 0.14943 0.557678 -0.471405 0.730224 0.494521 
-0.333333 -0.666666 0.666667 -0.816496 -0.14943 -0.557678 0.471405 -0.730224 -0.494521 
-0.333332 -0.666667 0.666667 0.816497 -0.557677 -0.14943 0.471405 0.494521 0.730223 
-0.333332 -0.666667 0.666667 -0.816497 0.557677 0.14943 -0.471405 -0.494521 -0.730223 
-0.333333 -0.666666 0.666666 -1.03374e-06 -0.707106 -0.707106 0.942808 -0.235703 0.235701 
-0.333333 -0.666666 0.666666 1.03374e-06 0.707106 0.707106 -0.942808 0.235703 -0.235701 
-1.04747e-06 -0.382684 -0.923879 0.130526 0.915975 -0.37941 0.991445 -0.120591 0.0499494 
-1.04747e-06 -0.382684 -0.923879 -0.130526 -0.915975 0.37941 -0.991445 0.120591 -0.0499494 
-2.73461e-07 -0.382683 -0.923881 -0.793354 0.562423 -0.232962 0.608762 0.732963 -0.303603 
-2.73461e-07 -0.382683 -0.923881 0.793354 -0.562423 0.232962 -0.608762 -0.732963 0.303603 
-6.57435e-07 -0.382683 -0.923879 -0.923879 -0.353553 0.146447 -0.382683 0.853553 -0.353553 
-6.57435e-07 -0.382683 -0.923879 0.923879 0.353553 -0.146447 0.382683 -0.853553 0.353553 
-1.04747e-06 0.382684 0.923879 -0.130526 0.915975 -0.37941 -0.991445 -0.120591 0.0499494 
-1.04747e-06 0.382684 0.923879 0.130526 -0.915975 0.37941 0.991445 0.120591 -0.0499494 
-2.73461e-07 0.382683 0.923881 0.793354 0.562423 -0.232962 -0.608762 0.732963 -0.303603 
-2.73461e-07 0.382683 0.923881 -0.793354 -0.562423 0.232962 0.608762 -0.732963 0.303603 
-6.57435e-07 0.382683 0.923879 0.923879 -0.353553 0.146447 0.382683 0.853553 -0.353553 
-6.57435e-07 0.382683 0.923879 -0.923879 0.353553 -0.146447 -0.382683 -0.853553 0.353553 
0.666666 -0.285235 -0.68862 0.0972872 0.949276 -0.299016 0.73898 0.13235 0.6606 
0.666666 -0.285235 -0.68862 -0.0972872 -0.949276 0.299016 -0.73898 -0.13235 -0.6606 
0.666667 -0.285237 -0.688619 -0.591331 0.36002 -0.721605 0.453745 0.888272 0.0713438 
0.666667 -0.285237 -0.688619 0.591331 -0.36002 0.721605 -0.453745 -0.888272 -0.0713438 
0.666668 -0.285235 -0.688619 -0.688619 -0.589256 -0.42259 -0.285235 0.755923 -0.589256 
0.666668 -0.285235 -0.688619 0.688619 0.589256 0.42259 0.285235 -0.755923 0.589256 
-0.666667 0.285235 0.68862 -0.0972883 0.882677 -0.459803 -0.73898 -0.37353 -0.560701 
-0.666667 0.285235 0.68862 0.0972883 -0.882677 0.459803 0.73898 0.37353 0.560701 
-0.666667 0.285236 0.688619 0.591331 0.764825 0.255678 -0.453744 0.577654 -0.678552 
-0.666667 0.285236 0.688619 -0.591331 -0.764825 -0.255678 0.453744 -0.577654 0.678552 
-0.666666 0.285235 0.688619 0.688619 -0.117851 0.715482 0.285235 0.951184 -0.117851 
-0.666666 0.285235 0.688619 -0.688619 0.117851 -0.715482 -0.285235 -0.951184 0.117851 
-0.666667 -0.285235 -0.68862 0.0972883 0.882677 -0.459803 0.73898 -0.37353 -0.560701 
-0.666667 -0.285235 -0.68862 -0.0972883 -0.882677 0.459803 -0.73898 0.37353 0.560701 
-0.666667 -0.285236 -0.688619 -0.591331 0.764825 0.255678 0.453744 0.577654 -0.678552 
-0.666667 -0.285236 -0.688619 0.591331 -0.764825 -0.255678 -0.453744 -0.577654 0.678552 
-0.666666 -0.285235 -0.688619 -0.688619 -0.117851 0.715482 -0.285235 0.951184 -0.117851 
-0.666666 -0.285235 -0.688619 0.688619 0.117851 -0.715482 0.285235 -0.951184 0.117851 
0.666666 0.285235 0.68862 -0.0972872 0.949276 -0.299016 -0.73898 0.13235 0.6606 
0.666666 0.285235 0.68862 0.0972872 -0.949276 0.299016 0.73898 -0.13235 -0.6606 
0.666667 0.285237 0.688619 0.591331 0.36002 -0.721605 -0.453745 0.888272 0.0713438 
0.666667 0.285237 0.688619 -0.591331 -0.36002 0.721605 0.453745 -0.888272 -0.0713438 
0.666668 0.285235 0.688619 0.688619 -0.589256 -0.42259 0.285235 0.755923 -0.589256 
0.666668 0.285235 0.688619 -0.688619 0.589256 0.42259 -0.285235 -0.755923 0.589256 
-1.04747e-06 -0.923879 0.382684 0.991445 0.0499494 0.120591 -0.130526 0.37941 0.915975 
-1.04747e-06 -0.923879 0.382684 -0.991445 -0.0499494 -0.120591 0.130526 -0.37941 -0.915975 
-2.73461e-07 -0.923881 0.382683 0.608762 -0.303603 -0.732963 0.793354 0.232962 0.562423 
-2.73461e-07 -0.923881 0.382683 -0.608762 0.303603 0.732963 -0.793354 -0.232962 -0.562423 
-6.57435e-07 -0.923879 0.382683 -0.382683 -0.353553 -0.853553 0.923879 -0.146447 -0.353553 
-6.57435e-07 -0.923879 0.382683 0.382683 0.353553 0.853553 -0.923879 0.146447 0.353553 
-1.04747e-06 0.923879 -0.382684 -0.991445 0.0499494 0.120591 0.130526 0.37941 0.915975 
-1.04747e-06 0.923879 -0.382684 0.991445 -0.0499494 -0.120591 -0.130526 -0.37941 -0.915975 
-2.73461e-07 0.923881 -0.382683 -0.608762 -0.303603 -0.732963 -0.793354 0.232962 0.562423 
-2.73461e-07 0.923881 -0.382683 0.608762 0.303603 0.732963 0.793354 -0.232962 -0.562423 
-6.57435e-07 0.923879 -0.382683 0.382683 -0.353553 -0.853553 -0.923879 -0.146447 -0.353553 
-6.57435e-07 0.923879 -0.382683 -0.382683 0.353553 0.853553 0.923879 0.146447 0.353553 
-0.666667 0.68862 -0.285235 -0.73898 -0.560701 0.37353 0.0972883 0.459803 0.882677 
-0.666667 0.68862 -0.285235 0.73898 0.560701 -0.37353 -0.0972883 -0.459803 -0.882677 
-0.666667 0.688619 -0.285236 -0.453744 -0.678552 -0.577654 -0.591331 -0.255678 0.764825 
-0.666667 0.688619 -0.285236 0.453744 0.678552 0.577654 0.591331 0.255678 -0.764825 
-0.666666 0.688619 -0.285235 0.285235 -0.117851 -0.951184 -0.688619 -0.715482 -0.117851 
-0.666666 0.688619 -0.285235 -0.285235 0.117851 0.951184 0.688619 0.715482 0.117851 
0.666666 -0.68862 0.285235 0.73898 0.6606 -0.13235 -0.0972872 0.299016 0.949276 
0.666666 -0.68862 0.285235 -0.73898 -0.6606 0.13235 0.0972872 -0.299016 -0.949276 
0.666667 -0.688619 0.285237 0.453745 0.0713438 -0.888272 0.591331 0.721605 0.36002 
0.666667 -0.688619 0.285237 -0.453745 -0.0713438 0.888272 -0.591331 -0.721605 -0.36002 
0.666668 -0.688619 0.285235 -0.285235 -0.589256 -0.755923 0.688619 0.42259 -0.589256 
0.666668 -0.688619 0.285235 0.285235 0.589256 0.755923 -0.688619 -0.42259 0.589256 
0.666666 0.68862 -0.285235 -0.73898 0.6606 -0.13235 0.0972872 0.299016 0.949276 
0.666666 0.68862 -0.285235 0.73898 -0.6606 0.13235 -0.0972872 -0.299016 -0.949276 
0.666667 0.688619 -0.285237 -0.453745 0.0713438 -0.888272 -0.591331 0.721605 0.36002 
0.666667 0.688619 -0.285237 0.453745 -0.0713438 0.888272 0.591331 -0.721605 -0.36002 
0.666668 0.688619 -0.285235 0.285235 -0.589256 -0.755923 -0.688619 0.42259 -0.589256 
0.666668 0.688619 -0.285235 -0.285235 0.589256 0.755923 0.688619 -0.42259 0.589256 
-0.666667 -0.68862 0.285235 0.73898 -0.560701 0.37353 -0.0972883 0.459803 0.882677 
-0.666667 -0.68862 0.285235 -0.73898 0.560701 -0.37353 0.0972883 -0.459803 -0.882677 
-0.666667 -0.688619 0.285236 0.453744 -0.678552 -0.577654 0.591331 -0.255678 0.764825 
-0.666667 -0.688619 0.285236 -0.453744 0.678552 0.577654 -0.591331 0.255678 -0.764825 
-0.666666 -0.688619 0.285235 -0.285235 -0.117851 -0.951184 0.688619 -0.715482 -0.117851 
-0.666666 -0.688619 0.285235 0.285235 0.117851 0.951184 -0.688619 0.715482 0.117851 
-6.57435e-07 0.382683 -0.923879 -0.923879 0.353553 0.146447 0.382683 0.853553 0.353553 
-6.57435e-07 0.382683 -0.923879 0.923879 -0.353553 -0.146447 -0.382683 -0.853553 -0.353553 
-2.73461e-07 0.382683 -0.923881 -0.793354 -0.562423 -0.232962 -0.608762 0.732963 0.303603 
-2.73461e-07 0.382683 -0.923881 0.793354 0.562423 0.232962 0.608762 -0.732963 -0.303603 
-1.04747e-06 0.382684 -0.923879 0.130526 -0.915975 -0.37941 -0.991445 -0.120591 -0.0499494 
-1.04747e-06 0.382684 -0.923879 -0.130526 0.915975 0.37941 0.991445 0.120591 0.0499494 
-6.57435e-07 -0.382683 0.923879 0.923879 0.353553 0.146447 -0.382683 0.853553 0.353553 
-6.57435e-07 -0.382683 0.923879 -0.923879 -0.353553 -0.146447 0.382683 -0.853553 -0.353553 
-2.73461e-07 -0.382683 0.923881 0.793354 -0.562423 -0.232962 0.608762 0.732963 0.303603 
-2.73461e-07 -0.382683 0.923881 -0.793354 0.562423 0.232962 -0.608762 -0.732963 -0.303603 
-1.04747e-06 -0.382684 0.923879 -0.130526 -0.915975 -0.37941 0.991445 -0.120591 -0.0499494 
-1.04747e-06 -0.382684 0.923879 0.130526 0.915975 0.37941 -0.991445 0.120591 0.0499494 
0.666668 -0.688619 -0.285235 0.285235 0.589256 -0.755923 0.688619 0.42259 0.589256 
0.666668 -0.688619 -0.285235 -0.285235 -0.589256 0.755923 -0.688619 -0.42259 -0.589256 
0.666667 -0.688619 -0.285237 -0.453745 -0.0713438 -0.888272 0.591331 0.721605 -0.36002 
0.666667 -0.688619 -0.285237 0.453745 0.0713438 0.888272 -0.591331 -0.721605 0.36002 
0.666666 -0.68862 -0.285235 -0.73898 -0.6606 -0.13235 -0.0972872 0.299016 -0.949276 
0.666666 -0.68862 -0.285235 0.73898 0.6606 0.13235 0.0972872 -0.299016 0.949276 
-0.666666 0.688619 0.285235 -0.285235 0.117851 -0.951184 -0.688619 -0.715482 0.117851 
-0.666666 0.688619 0.285235 0.285235 -0.117851 0.951184 0.688619 0.715482 -0.117851 
-0.666667 0.688619 0.285236 0.453744 0.678552 -0.577654 -0.591331 -0.255678 -0.764825 
-0.666667 0.688619 0.285236 -0.453744 -0.678552 0.577654 0.591331 0.255678 0.764825 
-0.666667 0.68862 0.285235 0.73898 0.560701 0.37353 0.0972883 0.459803 -0.882677 
-0.666667 0.68862 0.285235 -0.73898 -0.560701 -0.37353 -0.0972883 -0.459803 0.882677 
-0.666666 -0.688619 -0.285235 0.285235 0.117851 -0.951184 0.688619 -0.715482 0.117851 
-0.666666 -0.688619 -0.285235 -0.285235 -0.117851 0.951184 -0.688619 0.715482 -0.117851 
-0.666667 -0.688619 -0.285236 -0.453744 0.678552 -0.577654 0.591331 -0.255678 -0.764825 
-0.666667 -0.688619 -0.285236 0.453744 -0.678552 0.577654 -0.591331 0.255678 0.764825 
-0.666667 -0.68862 -0.285235 -0.73898 0.560701 0.37353 -0.0972883 0.459803 -0.882677 
-0.666667 -0.68862 -0.285235 0.73898 -0.560701 -0.37353 0.0972883 -0.459803 0.882677 
0.666668 0.688619 0.285235 -0.285235 0.589256 -0.755923 -0.688619 0.42259 0.589256 
0.666668 0.688619 0.285235 0.285235 -0.589256 0.755923 0.688619 -0.42259 -0.589256 
0.666667 0.688619 0.285237 0.453745 -0.0713438 -0.888272 -0.591331 0.721605 -0.36002 
0.666667 0.688619 0.285237 -0.453745 0.0713438 0.888272 0.591331 -0.721605 0.36002 
0.666666 0.68862 0.285235 0.73898 -0.6606 -0.13235 0.0972872 0.299016 -0.949276 
0.666666 0.68862 0.285235 -0.73898 0.6606 0.13235 -0.0972872 -0.299016 0.949276 
