Point[1] = (0.959535, -0.418347, 0.302237)
Point[2] = (2.16795, 1.85348, -0.52312)
Point[3] = (-2.38753, -1.50911, -0.565889)
Point[4] = (-2.70428, -1.25688, 0.188394)
Point[5] = (-1.22932, -1.64337, -0.998632)
...
Point[300] = (-0.56244, 2.6018, -0.749591)

